|V|= 1174
|E|= 1417

Edge 0 1 1
Edge 1 2 1
Edge 1 3 1
Edge 2 4 1
Edge 4 5 1
Edge 4 6 1
Edge 7 8 1
Edge 7 9 1
Edge 8 10 1
Edge 8 11 1
Edge 8 12 1
Edge 8 13 1
Edge 8 14 1
Edge 8 15 1
Edge 8 16 1
Edge 10 17 1
Edge 10 18 1
Edge 10 19 1
Edge 10 20 1
Edge 17 21 1
Edge 17 22 1
Edge 17 20 1
Edge 17 23 1
Edge 21 24 1
Edge 21 25 1
Edge 21 20 1
Edge 24 26 1
Edge 24 27 1
Edge 26 28 1
Edge 26 29 1
Edge 26 30 1
Edge 26 31 1
Edge 28 32 1
Edge 28 33 1
Edge 28 34 1
Edge 32 35 1
Edge 36 37 1
Edge 37 3 1
Edge 3 38 1
Edge 38 39 1
Edge 38 40 1
Edge 39 41 1
Edge 39 42 1
Edge 39 43 1
Edge 39 44 1
Edge 41 45 1
Edge 11 46 1
Edge 11 47 1
Edge 12 48 1
Edge 12 22 1
Edge 12 49 1
Edge 12 50 1
Edge 12 51 1
Edge 48 52 1
Edge 48 53 1
Edge 52 54 1
Edge 54 29 1
Edge 29 55 1
Edge 29 20 1
Edge 55 56 1
Edge 56 30 1
Edge 30 57 1
Edge 57 58 1
Edge 58 59 1
Edge 59 35 1
Edge 35 60 1
Edge 61 62 1
Edge 61 63 1
Edge 62 64 1
Edge 62 65 1
Edge 64 66 1
Edge 64 67 1
Edge 64 68 1
Edge 64 69 1
Edge 66 70 1
Edge 70 71 1
Edge 70 72 1
Edge 70 73 1
Edge 70 67 1
Edge 70 74 1
Edge 70 75 1
Edge 70 76 1
Edge 71 77 1
Edge 77 78 1
Edge 78 79 1
Edge 78 75 1
Edge 78 76 1
Edge 78 80 1
Edge 79 81 1
Edge 79 82 1
Edge 79 83 1
Edge 79 13 1
Edge 79 15 1
Edge 79 84 1
Edge 81 85 1
Edge 85 86 1
Edge 85 87 1
Edge 86 88 1
Edge 86 89 1
Edge 86 16 1
Edge 86 90 1
Edge 88 91 1
Edge 88 92 1
Edge 88 93 1
Edge 88 94 1
Edge 91 95 1
Edge 91 96 1
Edge 95 82 1
Edge 95 89 1
Edge 95 97 1
Edge 82 83 1
Edge 82 97 1
Edge 83 98 1
Edge 83 49 1
Edge 83 99 1
Edge 98 100 1
Edge 100 101 1
Edge 100 97 1
Edge 101 102 1
Edge 101 103 1
Edge 102 104 1
Edge 104 105 1
Edge 104 103 1
Edge 104 106 1
Edge 104 107 1
Edge 105 108 1
Edge 105 106 1
Edge 105 109 1
Edge 110 111 1
Edge 111 112 1
Edge 113 114 1
Edge 114 115 1
Edge 114 116 1
Edge 117 118 1
Edge 117 119 1
Edge 117 13 1
Edge 117 120 1
Edge 118 121 1
Edge 118 122 1
Edge 118 119 1
Edge 118 123 1
Edge 121 124 1
Edge 124 125 1
Edge 125 126 1
Edge 125 127 1
Edge 125 68 1
Edge 126 128 1
Edge 126 129 1
Edge 126 130 1
Edge 126 131 1
Edge 126 132 1
Edge 128 133 1
Edge 128 134 1
Edge 128 135 1
Edge 128 136 1
Edge 128 137 1
Edge 133 138 1
Edge 138 92 1
Edge 138 139 1
Edge 138 87 1
Edge 92 140 1
Edge 96 141 1
Edge 141 142 1
Edge 141 93 1
Edge 142 143 1
Edge 143 144 1
Edge 143 145 1
Edge 144 146 1
Edge 146 147 1
Edge 147 148 1
Edge 148 149 1
Edge 148 103 1
Edge 148 106 1
Edge 148 150 1
Edge 148 151 1
Edge 149 152 1
Edge 152 153 1
Edge 152 154 1
Edge 153 155 1
Edge 153 156 1
Edge 153 157 1
Edge 155 108 1
Edge 155 158 1
Edge 108 159 1
Edge 108 160 1
Edge 161 162 1
Edge 162 163 1
Edge 163 164 1
Edge 164 165 1
Edge 164 166 1
Edge 164 167 1
Edge 165 168 1
Edge 168 169 1
Edge 169 170 1
Edge 169 171 1
Edge 169 172 1
Edge 173 174 1
Edge 174 175 1
Edge 174 176 1
Edge 175 177 1
Edge 177 178 1
Edge 178 179 1
Edge 179 180 1
Edge 180 181 1
Edge 180 182 1
Edge 180 132 1
Edge 180 183 1
Edge 181 184 1
Edge 181 185 1
Edge 181 186 1
Edge 184 187 1
Edge 187 188 1
Edge 187 127 1
Edge 188 189 1
Edge 189 190 1
Edge 189 136 1
Edge 189 139 1
Edge 189 191 1
Edge 190 192 1
Edge 190 193 1
Edge 190 194 1
Edge 190 195 1
Edge 190 196 1
Edge 192 197 1
Edge 192 198 1
Edge 192 191 1
Edge 192 199 1
Edge 192 200 1
Edge 192 201 1
Edge 192 202 1
Edge 197 203 1
Edge 197 204 1
Edge 203 205 1
Edge 203 206 1
Edge 205 207 1
Edge 205 208 1
Edge 205 209 1
Edge 205 210 1
Edge 205 211 1
Edge 207 212 1
Edge 212 213 1
Edge 212 214 1
Edge 213 215 1
Edge 215 156 1
Edge 156 216 1
Edge 156 150 1
Edge 157 217 1
Edge 217 218 1
Edge 217 219 1
Edge 217 220 1
Edge 218 221 1
Edge 221 222 1
Edge 222 223 1
Edge 222 224 1
Edge 223 225 1
Edge 223 224 1
Edge 225 226 1
Edge 225 227 1
Edge 226 228 1
Edge 226 229 1
Edge 230 231 1
Edge 230 232 1
Edge 231 233 1
Edge 231 234 1
Edge 233 235 1
Edge 235 236 1
Edge 237 238 1
Edge 238 239 1
Edge 238 240 1
Edge 238 241 1
Edge 239 242 1
Edge 242 243 1
Edge 243 244 1
Edge 243 245 1
Edge 244 246 1
Edge 247 182 1
Edge 247 183 1
Edge 247 248 1
Edge 182 249 1
Edge 182 250 1
Edge 182 251 1
Edge 182 252 1
Edge 182 253 1
Edge 182 254 1
Edge 249 255 1
Edge 249 256 1
Edge 255 257 1
Edge 255 258 1
Edge 255 259 1
Edge 257 260 1
Edge 260 261 1
Edge 260 262 1
Edge 260 263 1
Edge 260 264 1
Edge 260 265 1
Edge 260 266 1
Edge 261 267 1
Edge 267 198 1
Edge 267 268 1
Edge 267 269 1
Edge 267 270 1
Edge 198 271 1
Edge 198 204 1
Edge 198 268 1
Edge 198 272 1
Edge 271 273 1
Edge 271 274 1
Edge 271 275 1
Edge 271 276 1
Edge 273 277 1
Edge 277 278 1
Edge 278 216 1
Edge 278 279 1
Edge 216 219 1
Edge 220 280 1
Edge 280 281 1
Edge 280 282 1
Edge 281 159 1
Edge 159 283 1
Edge 283 284 1
Edge 283 285 1
Edge 284 286 1
Edge 284 287 1
Edge 286 287 1
Edge 288 289 1
Edge 288 290 1
Edge 289 291 1
Edge 291 292 1
Edge 291 293 1
Edge 292 294 1
Edge 294 295 1
Edge 295 296 1
Edge 240 297 1
Edge 240 298 1
Edge 240 299 1
Edge 240 300 1
Edge 301 302 1
Edge 302 303 1
Edge 303 250 1
Edge 303 304 1
Edge 250 305 1
Edge 305 251 1
Edge 251 306 1
Edge 251 307 1
Edge 306 308 1
Edge 308 309 1
Edge 308 259 1
Edge 308 310 1
Edge 308 256 1
Edge 309 311 1
Edge 311 312 1
Edge 312 313 1
Edge 313 262 1
Edge 313 266 1
Edge 313 314 1
Edge 263 315 1
Edge 263 316 1
Edge 315 317 1
Edge 315 318 1
Edge 315 316 1
Edge 315 319 1
Edge 315 320 1
Edge 317 321 1
Edge 317 322 1
Edge 317 323 1
Edge 317 316 1
Edge 317 324 1
Edge 317 325 1
Edge 321 326 1
Edge 326 327 1
Edge 327 328 1
Edge 328 329 1
Edge 329 330 1
Edge 329 331 1
Edge 329 332 1
Edge 330 331 1
Edge 330 333 1
Edge 331 334 1
Edge 331 335 1
Edge 331 336 1
Edge 331 337 1
Edge 334 338 1
Edge 334 339 1
Edge 338 340 1
Edge 338 279 1
Edge 338 341 1
Edge 340 342 1
Edge 340 339 1
Edge 342 343 1
Edge 342 344 1
Edge 343 344 1
Edge 343 345 1
Edge 344 346 1
Edge 344 347 1
Edge 344 348 1
Edge 346 347 1
Edge 346 349 1
Edge 347 350 1
Edge 347 351 1
Edge 347 345 1
Edge 350 352 1
Edge 350 353 1
Edge 350 354 1
Edge 352 355 1
Edge 355 356 1
Edge 356 357 1
Edge 357 358 1
Edge 358 359 1
Edge 359 360 1
Edge 359 361 1
Edge 359 290 1
Edge 360 362 1
Edge 360 363 1
Edge 360 364 1
Edge 360 365 1
Edge 360 366 1
Edge 362 363 1
Edge 363 367 1
Edge 363 368 1
Edge 363 369 1
Edge 367 370 1
Edge 370 371 1
Edge 293 372 1
Edge 372 296 1
Edge 372 373 1
Edge 296 374 1
Edge 375 376 1
Edge 376 377 1
Edge 378 379 1
Edge 379 380 1
Edge 380 381 1
Edge 380 382 1
Edge 380 383 1
Edge 381 384 1
Edge 384 385 1
Edge 385 386 1
Edge 386 387 1
Edge 386 388 1
Edge 387 389 1
Edge 389 390 1
Edge 389 391 1
Edge 390 392 1
Edge 390 393 1
Edge 392 394 1
Edge 392 395 1
Edge 392 396 1
Edge 394 397 1
Edge 397 398 1
Edge 398 399 1
Edge 398 400 1
Edge 398 401 1
Edge 402 403 1
Edge 402 404 1
Edge 402 405 1
Edge 402 406 1
Edge 403 407 1
Edge 403 307 1
Edge 407 408 1
Edge 408 409 1
Edge 408 410 1
Edge 408 310 1
Edge 409 322 1
Edge 409 411 1
Edge 409 412 1
Edge 409 413 1
Edge 322 319 1
Edge 323 414 1
Edge 323 415 1
Edge 414 416 1
Edge 414 417 1
Edge 414 418 1
Edge 414 419 1
Edge 414 332 1
Edge 414 420 1
Edge 414 324 1
Edge 416 421 1
Edge 416 422 1
Edge 421 423 1
Edge 421 424 1
Edge 423 425 1
Edge 425 351 1
Edge 425 336 1
Edge 425 426 1
Edge 425 427 1
Edge 351 353 1
Edge 351 428 1
Edge 351 429 1
Edge 353 430 1
Edge 354 431 1
Edge 431 432 1
Edge 432 361 1
Edge 361 364 1
Edge 361 433 1
Edge 361 434 1
Edge 377 435 1
Edge 435 436 1
Edge 437 438 1
Edge 437 439 1
Edge 438 440 1
Edge 438 410 1
Edge 438 441 1
Edge 438 442 1
Edge 440 443 1
Edge 440 444 1
Edge 440 445 1
Edge 440 442 1
Edge 443 446 1
Edge 446 447 1
Edge 447 448 1
Edge 448 449 1
Edge 449 450 1
Edge 449 451 1
Edge 449 452 1
Edge 450 453 1
Edge 453 454 1
Edge 454 455 1
Edge 454 456 1
Edge 454 457 1
Edge 455 458 1
Edge 458 459 1
Edge 458 460 1
Edge 459 461 1
Edge 459 462 1
Edge 459 463 1
Edge 459 464 1
Edge 459 465 1
Edge 461 466 1
Edge 466 467 1
Edge 466 468 1
Edge 467 469 1
Edge 467 470 1
Edge 469 471 1
Edge 469 472 1
Edge 469 473 1
Edge 471 474 1
Edge 471 475 1
Edge 471 476 1
Edge 474 477 1
Edge 477 478 1
Edge 478 479 1
Edge 479 480 1
Edge 480 433 1
Edge 433 481 1
Edge 482 483 1
Edge 482 484 1
Edge 482 485 1
Edge 482 486 1
Edge 482 487 1
Edge 483 488 1
Edge 483 441 1
Edge 488 489 1
Edge 488 490 1
Edge 489 491 1
Edge 489 492 1
Edge 489 493 1
Edge 489 494 1
Edge 489 495 1
Edge 491 496 1
Edge 491 497 1
Edge 491 498 1
Edge 499 500 1
Edge 499 501 1
Edge 484 502 1
Edge 484 503 1
Edge 484 504 1
Edge 484 505 1
Edge 484 506 1
Edge 484 507 1
Edge 484 508 1
Edge 484 509 1
Edge 484 510 1
Edge 502 511 1
Edge 511 492 1
Edge 492 512 1
Edge 382 513 1
Edge 513 485 1
Edge 503 493 1
Edge 493 514 1
Edge 493 515 1
Edge 514 516 1
Edge 516 517 1
Edge 505 518 1
Edge 505 512 1
Edge 505 519 1
Edge 518 520 1
Edge 518 521 1
Edge 522 523 1
Edge 522 524 1
Edge 522 525 1
Edge 523 526 1
Edge 526 527 1
Edge 527 528 1
Edge 528 529 1
Edge 529 530 1
Edge 529 531 1
Edge 529 532 1
Edge 530 533 1
Edge 530 534 1
Edge 533 535 1
Edge 535 536 1
Edge 536 537 1
Edge 506 538 1
Edge 538 539 1
Edge 539 540 1
Edge 539 515 1
Edge 540 524 1
Edge 540 541 1
Edge 524 542 1
Edge 542 543 1
Edge 543 544 1
Edge 543 545 1
Edge 544 546 1
Edge 544 547 1
Edge 548 549 1
Edge 548 550 1
Edge 548 551 1
Edge 549 541 1
Edge 549 519 1
Edge 549 552 1
Edge 541 553 1
Edge 541 554 1
Edge 553 555 1
Edge 555 556 1
Edge 556 557 1
Edge 557 558 1
Edge 558 559 1
Edge 559 560 1
Edge 560 561 1
Edge 562 563 1
Edge 562 551 1
Edge 562 564 1
Edge 563 565 1
Edge 565 566 1
Edge 566 567 1
Edge 567 568 1
Edge 568 569 1
Edge 568 570 1
Edge 569 571 1
Edge 569 572 1
Edge 571 573 1
Edge 571 574 1
Edge 573 575 1
Edge 573 576 1
Edge 573 577 1
Edge 575 578 1
Edge 575 577 1
Edge 578 579 1
Edge 578 580 1
Edge 578 581 1
Edge 578 582 1
Edge 583 584 1
Edge 583 585 1
Edge 583 564 1
Edge 583 586 1
Edge 584 570 1
Edge 584 587 1
Edge 570 588 1
Edge 570 589 1
Edge 588 590 1
Edge 590 591 1
Edge 591 592 1
Edge 591 593 1
Edge 591 594 1
Edge 592 595 1
Edge 592 574 1
Edge 592 596 1
Edge 595 597 1
Edge 585 589 1
Edge 589 598 1
Edge 589 599 1
Edge 598 600 1
Edge 600 601 1
Edge 600 602 1
Edge 600 603 1
Edge 604 605 1
Edge 606 607 1
Edge 607 608 1
Edge 608 609 1
Edge 609 610 1
Edge 610 611 1
Edge 610 612 1
Edge 610 613 1
Edge 611 614 1
Edge 614 615 1
Edge 615 616 1
Edge 615 617 1
Edge 618 619 1
Edge 619 620 1
Edge 620 621 1
Edge 620 622 1
Edge 623 624 1
Edge 624 625 1
Edge 624 626 1
Edge 625 627 1
Edge 625 628 1
Edge 298 170 1
Edge 298 629 1
Edge 171 630 1
Edge 171 631 1
Edge 171 632 1
Edge 630 633 1
Edge 630 634 1
Edge 635 486 1
Edge 635 441 1
Edge 635 636 1
Edge 635 637 1
Edge 638 639 1
Edge 638 640 1
Edge 639 641 1
Edge 641 621 1
Edge 642 643 1
Edge 643 644 1
Edge 644 645 1
Edge 645 646 1
Edge 646 42 1
Edge 43 647 1
Edge 43 648 1
Edge 647 649 1
Edge 647 6 1
Edge 63 122 1
Edge 119 650 1
Edge 119 651 1
Edge 650 652 1
Edge 652 185 1
Edge 185 127 1
Edge 186 252 1
Edge 252 653 1
Edge 307 410 1
Edge 307 310 1
Edge 410 654 1
Edge 410 405 1
Edge 410 655 1
Edge 410 656 1
Edge 654 444 1
Edge 654 657 1
Edge 654 658 1
Edge 444 507 1
Edge 444 490 1
Edge 508 550 1
Edge 551 659 1
Edge 46 660 1
Edge 46 661 1
Edge 46 662 1
Edge 660 13 1
Edge 13 72 1
Edge 72 663 1
Edge 73 129 1
Edge 73 75 1
Edge 73 664 1
Edge 129 665 1
Edge 130 666 1
Edge 666 134 1
Edge 666 127 1
Edge 666 136 1
Edge 666 667 1
Edge 134 668 1
Edge 668 669 1
Edge 669 670 1
Edge 670 671 1
Edge 671 258 1
Edge 671 253 1
Edge 671 672 1
Edge 258 673 1
Edge 310 674 1
Edge 310 675 1
Edge 674 676 1
Edge 676 411 1
Edge 412 677 1
Edge 412 655 1
Edge 412 678 1
Edge 677 679 1
Edge 677 655 1
Edge 677 680 1
Edge 679 681 1
Edge 681 682 1
Edge 682 494 1
Edge 682 683 1
Edge 682 656 1
Edge 494 495 1
Edge 494 684 1
Edge 495 685 1
Edge 554 686 1
Edge 686 687 1
Edge 687 688 1
Edge 688 689 1
Edge 688 561 1
Edge 688 690 1
Edge 689 691 1
Edge 689 692 1
Edge 689 693 1
Edge 689 690 1
Edge 691 694 1
Edge 694 576 1
Edge 694 695 1
Edge 593 696 1
Edge 593 697 1
Edge 696 698 1
Edge 698 699 1
Edge 699 602 1
Edge 699 700 1
Edge 603 701 1
Edge 657 14 1
Edge 14 702 1
Edge 14 18 1
Edge 14 47 1
Edge 15 703 1
Edge 15 76 1
Edge 15 47 1
Edge 84 135 1
Edge 84 80 1
Edge 135 193 1
Edge 194 264 1
Edge 264 265 1
Edge 264 704 1
Edge 264 705 1
Edge 318 706 1
Edge 318 707 1
Edge 706 708 1
Edge 706 709 1
Edge 708 710 1
Edge 708 711 1
Edge 708 419 1
Edge 708 324 1
Edge 710 711 1
Edge 711 683 1
Edge 711 712 1
Edge 683 451 1
Edge 683 456 1
Edge 452 685 1
Edge 685 713 1
Edge 685 714 1
Edge 713 715 1
Edge 715 716 1
Edge 715 497 1
Edge 715 717 1
Edge 716 718 1
Edge 718 719 1
Edge 719 525 1
Edge 719 720 1
Edge 658 721 1
Edge 721 722 1
Edge 722 702 1
Edge 722 723 1
Edge 702 18 1
Edge 18 724 1
Edge 19 725 1
Edge 725 726 1
Edge 726 727 1
Edge 726 67 1
Edge 727 728 1
Edge 728 89 1
Edge 93 729 1
Edge 729 730 1
Edge 729 731 1
Edge 730 732 1
Edge 732 733 1
Edge 732 734 1
Edge 733 735 1
Edge 733 199 1
Edge 735 736 1
Edge 735 209 1
Edge 735 210 1
Edge 736 208 1
Edge 268 737 1
Edge 268 270 1
Edge 269 316 1
Edge 316 738 1
Edge 316 739 1
Edge 316 740 1
Edge 738 417 1
Edge 418 741 1
Edge 741 742 1
Edge 741 743 1
Edge 742 744 1
Edge 742 745 1
Edge 742 746 1
Edge 742 747 1
Edge 742 422 1
Edge 744 748 1
Edge 744 749 1
Edge 744 750 1
Edge 748 751 1
Edge 748 752 1
Edge 751 753 1
Edge 753 462 1
Edge 753 754 1
Edge 753 465 1
Edge 753 755 1
Edge 462 756 1
Edge 460 757 1
Edge 460 758 1
Edge 757 463 1
Edge 463 759 1
Edge 463 760 1
Edge 463 761 1
Edge 759 762 1
Edge 763 764 1
Edge 763 765 1
Edge 764 766 1
Edge 764 767 1
Edge 766 768 1
Edge 766 769 1
Edge 768 770 1
Edge 770 531 1
Edge 532 771 1
Edge 771 545 1
Edge 561 772 1
Edge 561 773 1
Edge 772 774 1
Edge 774 775 1
Edge 775 692 1
Edge 693 776 1
Edge 776 777 1
Edge 777 580 1
Edge 581 778 1
Edge 581 779 1
Edge 778 780 1
Edge 780 596 1
Edge 781 25 1
Edge 781 782 1
Edge 25 783 1
Edge 22 784 1
Edge 22 785 1
Edge 49 786 1
Edge 49 53 1
Edge 786 103 1
Edge 103 787 1
Edge 106 150 1
Edge 279 788 1
Edge 279 335 1
Edge 788 335 1
Edge 335 337 1
Edge 335 789 1
Edge 426 790 1
Edge 790 428 1
Edge 790 422 1
Edge 428 791 1
Edge 791 464 1
Edge 791 792 1
Edge 791 793 1
Edge 791 465 1
Edge 468 472 1
Edge 472 760 1
Edge 760 475 1
Edge 501 794 1
Edge 794 795 1
Edge 795 765 1
Edge 31 27 1
Edge 31 796 1
Edge 31 797 1
Edge 20 109 1
Edge 109 798 1
Edge 429 799 1
Edge 429 800 1
Edge 429 801 1
Edge 429 430 1
Edge 799 802 1
Edge 802 803 1
Edge 803 804 1
Edge 803 805 1
Edge 804 806 1
Edge 804 807 1
Edge 806 808 1
Edge 808 809 1
Edge 809 810 1
Edge 236 232 1
Edge 811 812 1
Edge 812 287 1
Edge 812 227 1
Edge 290 365 1
Edge 290 813 1
Edge 481 814 1
Edge 481 815 1
Edge 816 805 1
Edge 805 817 1
Edge 805 818 1
Edge 817 819 1
Edge 817 807 1
Edge 817 820 1
Edge 819 821 1
Edge 821 822 1
Edge 822 823 1
Edge 824 825 1
Edge 825 826 1
Edge 825 827 1
Edge 825 828 1
Edge 826 829 1
Edge 829 622 1
Edge 782 830 1
Edge 830 796 1
Edge 796 831 1
Edge 797 832 1
Edge 832 33 1
Edge 833 834 1
Edge 833 835 1
Edge 834 836 1
Edge 834 837 1
Edge 172 838 1
Edge 172 839 1
Edge 172 840 1
Edge 172 841 1
Edge 838 842 1
Edge 842 843 1
Edge 843 166 1
Edge 843 844 1
Edge 166 845 1
Edge 166 846 1
Edge 845 847 1
Edge 847 848 1
Edge 848 849 1
Edge 849 850 1
Edge 849 616 1
Edge 850 851 1
Edge 613 852 1
Edge 852 853 1
Edge 853 854 1
Edge 853 855 1
Edge 854 383 1
Edge 856 857 1
Edge 857 858 1
Edge 858 783 1
Edge 724 784 1
Edge 628 859 1
Edge 628 860 1
Edge 859 861 1
Edge 861 862 1
Edge 862 44 1
Edge 67 661 1
Edge 97 863 1
Edge 132 120 1
Edge 132 864 1
Edge 132 865 1
Edge 846 866 1
Edge 866 867 1
Edge 867 868 1
Edge 868 869 1
Edge 869 870 1
Edge 870 871 1
Edge 872 873 1
Edge 873 874 1
Edge 874 875 1
Edge 874 876 1
Edge 875 877 1
Edge 878 879 1
Edge 879 880 1
Edge 881 882 1
Edge 882 883 1
Edge 883 884 1
Edge 883 885 1
Edge 886 887 1
Edge 887 888 1
Edge 888 889 1
Edge 890 891 1
Edge 891 892 1
Edge 892 893 1
Edge 893 894 1
Edge 894 895 1
Edge 895 896 1
Edge 896 897 1
Edge 897 898 1
Edge 898 899 1
Edge 900 901 1
Edge 901 176 1
Edge 139 731 1
Edge 139 191 1
Edge 191 199 1
Edge 199 94 1
Edge 734 902 1
Edge 902 145 1
Edge 903 904 1
Edge 904 183 1
Edge 653 673 1
Edge 653 905 1
Edge 673 906 1
Edge 673 907 1
Edge 906 908 1
Edge 908 909 1
Edge 909 265 1
Edge 909 910 1
Edge 265 314 1
Edge 704 739 1
Edge 704 911 1
Edge 672 907 1
Edge 907 195 1
Edge 195 912 1
Edge 195 910 1
Edge 705 200 1
Edge 737 913 1
Edge 737 914 1
Edge 913 740 1
Edge 740 337 1
Edge 740 915 1
Edge 740 276 1
Edge 740 916 1
Edge 337 915 1
Edge 274 789 1
Edge 789 917 1
Edge 388 918 1
Edge 918 919 1
Edge 919 920 1
Edge 920 921 1
Edge 921 395 1
Edge 396 922 1
Edge 396 923 1
Edge 396 399 1
Edge 922 924 1
Edge 441 925 1
Edge 441 926 1
Edge 441 927 1
Edge 675 928 1
Edge 928 929 1
Edge 929 266 1
Edge 266 319 1
Edge 419 930 1
Edge 420 931 1
Edge 931 932 1
Edge 932 933 1
Edge 932 424 1
Edge 933 934 1
Edge 934 935 1
Edge 935 936 1
Edge 935 937 1
Edge 935 348 1
Edge 936 938 1
Edge 925 939 1
Edge 925 439 1
Edge 925 940 1
Edge 939 404 1
Edge 939 941 1
Edge 678 942 1
Edge 942 324 1
Edge 930 745 1
Edge 746 943 1
Edge 943 944 1
Edge 943 754 1
Edge 943 422 1
Edge 944 792 1
Edge 945 946 1
Edge 946 800 1
Edge 800 947 1
Edge 801 434 1
Edge 456 747 1
Edge 747 749 1
Edge 752 754 1
Edge 754 465 1
Edge 470 947 1
Edge 496 948 1
Edge 948 758 1
Edge 758 761 1
Edge 758 949 1
Edge 475 950 1
Edge 950 951 1
Edge 951 952 1
Edge 952 953 1
Edge 953 954 1
Edge 954 814 1
Edge 814 955 1
Edge 815 956 1
Edge 956 957 1
Edge 956 958 1
Edge 956 959 1
Edge 956 960 1
Edge 957 961 1
Edge 961 962 1
Edge 962 963 1
Edge 963 964 1
Edge 964 965 1
Edge 966 967 1
Edge 967 968 1
Edge 968 969 1
Edge 969 970 1
Edge 971 520 1
Edge 971 498 1
Edge 971 972 1
Edge 521 973 1
Edge 973 767 1
Edge 974 975 1
Edge 975 976 1
Edge 976 977 1
Edge 977 978 1
Edge 978 979 1
Edge 979 980 1
Edge 980 981 1
Edge 629 982 1
Edge 982 983 1
Edge 983 633 1
Edge 983 300 1
Edge 634 167 1
Edge 167 984 1
Edge 984 616 1
Edge 617 391 1
Edge 391 985 1
Edge 986 987 1
Edge 987 988 1
Edge 988 989 1
Edge 989 985 1
Edge 393 923 1
Edge 923 924 1
Edge 885 990 1
Edge 990 991 1
Edge 991 992 1
Edge 992 993 1
Edge 993 994 1
Edge 994 839 1
Edge 995 996 1
Edge 996 40 1
Edge 899 997 1
Edge 997 998 1
Edge 998 999 1
Edge 999 1000 1
Edge 1000 840 1
Edge 840 1001 1
Edge 841 631 1
Edge 632 1002 1
Edge 401 1003 1
Edge 1003 487 1
Edge 1004 1005 1
Edge 1005 626 1
Edge 120 651 1
Edge 248 1006 1
Edge 927 509 1
Edge 927 1007 1
Edge 927 1008 1
Edge 510 1009 1
Edge 1009 1010 1
Edge 1010 659 1
Edge 659 1011 1
Edge 1011 1012 1
Edge 1012 586 1
Edge 304 1013 1
Edge 1013 406 1
Edge 941 445 1
Edge 661 1014 1
Edge 552 1015 1
Edge 1015 1016 1
Edge 1016 572 1
Edge 1017 1018 1
Edge 1018 1019 1
Edge 1019 703 1
Edge 703 74 1
Edge 703 1020 1
Edge 75 1021 1
Edge 1021 1022 1
Edge 1022 137 1
Edge 9 76 1
Edge 80 667 1
Edge 835 47 1
Edge 835 1023 1
Edge 196 1024 1
Edge 1024 270 1
Edge 270 202 1
Edge 457 1025 1
Edge 457 1026 1
Edge 457 1027 1
Edge 1025 497 1
Edge 497 1028 1
Edge 497 949 1
Edge 972 720 1
Edge 723 99 1
Edge 863 1029 1
Edge 1029 151 1
Edge 214 275 1
Edge 276 917 1
Edge 916 1030 1
Edge 798 107 1
Edge 1031 158 1
Edge 1032 1033 1
Edge 1033 282 1
Edge 831 1034 1
Edge 831 1035 1
Edge 831 1036 1
Edge 1034 1037 1
Edge 1034 1038 1
Edge 1037 1039 1
Edge 955 1040 1
Edge 1041 1042 1
Edge 1042 1043 1
Edge 1043 1044 1
Edge 820 1045 1
Edge 1045 1046 1
Edge 373 1047 1
Edge 958 1048 1
Edge 1048 1049 1
Edge 1050 1051 1
Edge 1051 1052 1
Edge 1052 1053 1
Edge 534 1054 1
Edge 1054 1055 1
Edge 547 1056 1
Edge 1056 1057 1
Edge 1057 1058 1
Edge 1058 981 1
Edge 690 1059 1
Edge 577 1060 1
Edge 1060 596 1
Edge 582 1061 1
Edge 1061 779 1
Edge 779 1062 1
Edge 779 1063 1
Edge 1062 1064 1
Edge 1063 1065 1
Edge 1065 1066 1
Edge 594 1067 1
Edge 594 1068 1
Edge 1067 1069 1
Edge 1068 697 1
Edge 697 1070 1
Edge 1071 1072 1
Edge 1073 1074 1
Edge 1073 1075 1
Edge 1074 587 1
Edge 1076 1077 1
Edge 1077 1078 1
Edge 1078 1079 1
Edge 1079 1001 1
Edge 876 844 1
Edge 651 1080 1
Edge 1080 1081 1
Edge 1082 864 1
Edge 1006 254 1
Edge 442 1007 1
Edge 442 940 1
Edge 636 1083 1
Edge 636 1084 1
Edge 636 1085 1
Edge 1083 1086 1
Edge 1085 1087 1
Edge 1087 1088 1
Edge 1088 1089 1
Edge 637 1090 1
Edge 69 123 1
Edge 69 1091 1
Edge 663 665 1
Edge 680 1092 1
Edge 1092 709 1
Edge 656 684 1
Edge 1093 1094 1
Edge 662 1095 1
Edge 1095 905 1
Edge 319 413 1
Edge 1096 1097 1
Edge 1098 1099 1
Edge 201 1100 1
Edge 1100 211 1
Edge 743 712 1
Edge 325 1101 1
Edge 1101 415 1
Edge 1102 1103 1
Edge 1103 1104 1
Edge 1104 1105 1
Edge 1105 1106 1
Edge 1106 1107 1
Edge 1107 1108 1
Edge 1109 1110 1
Edge 1110 1111 1
Edge 1111 1028 1
Edge 1027 714 1
Edge 1112 1113 1
Edge 837 23 1
Edge 23 1114 1
Edge 1115 1116 1
Edge 206 272 1
Edge 1117 1118 1
Edge 1118 1119 1
Edge 1119 1120 1
Edge 1120 1121 1
Edge 1121 1122 1
Edge 1122 1123 1
Edge 1123 937 1
Edge 1123 1124 1
Edge 1125 1126 1
Edge 762 1127 1
Edge 1128 1129 1
Edge 1129 1130 1
Edge 1130 1131 1
Edge 1131 1132 1
Edge 1132 1133 1
Edge 1133 1134 1
Edge 1134 1135 1
Edge 1135 1136 1
Edge 1136 1137 1
Edge 1138 769 1
Edge 51 1139 1
Edge 341 1140 1
Edge 348 1141 1
Edge 1141 427 1
Edge 427 1142 1
Edge 427 349 1
Edge 1142 1143 1
Edge 1143 1144 1
Edge 1144 1145 1
Edge 1145 1146 1
Edge 1147 1035 1
Edge 1036 1148 1
Edge 1036 1149 1
Edge 1038 1150 1
Edge 1150 1151 1
Edge 1150 1152 1
Edge 1151 1153 1
Edge 1153 1154 1
Edge 1154 1155 1
Edge 1156 34 1
Edge 1157 1152 1
Edge 224 285 1
Edge 1158 1159 1
Edge 1160 1161 1
Edge 818 959 1
Edge 1162 60 1
Edge 1163 234 1
Edge 1164 1165 1
Edge 813 1166 1
Edge 1166 1167 1
Edge 1168 1169 1
Edge 1169 1170 1
Edge 1170 369 1
Edge 374 1171 1
Edge 1172 1173 1
